0.07436104,0.08156714,0.0878626,0.10761783,0.13231121,0.13768163,0.17660959,0.17711693,0.18367882,0.18476248,0.23578125,0.24209261,0.25152996,0.25359356,0.3098852,0.32683086,0.34075484,0.36179528,0.37351358,0.40658697,0.40733734,0.4120329,0.44400626,0.51171166,0.61542386,21
0.08333434,0.086089,0.08905119,0.1117476,0.11368352,0.11650521,0.12302724,0.1645325,0.17973286,0.18971245,0.22422504,0.24242485,0.2502012,0.286081,0.28866065,0.3102646,0.35047007,0.36248127,0.36911577,0.378779,0.41783786,0.45446828,0.45597383,0.45613974,0.5137665,23
0.05981315,0.07173651,0.08174501,0.08741307,0.11151025,0.11396631,0.13881998,0.15233786,0.17349893,0.17973553,0.18117337,0.20019454,0.22460036,0.24892594,0.26030284,0.2867581,0.28830403,0.31366572,0.31796196,0.3389649,0.34066173,0.35394132,0.38081342,0.43096605,0.43866226,13
0.055543654,0.0758976,0.09183338,0.0951008,0.10004013,0.105160944,0.12176231,0.13078797,0.13853884,0.15270613,0.180114,0.2014941,0.2044365,0.21012065,0.22466002,0.22693253,0.24472302,0.29384416,0.2962113,0.30798373,0.32654297,0.3981298,0.41611543,0.42977488,0.556611,22
0.056252047,0.062373832,0.07785033,0.08667803,0.12075763,0.15421095,0.1547219,0.17572123,0.18498982,0.18536095,0.22853506,0.23586306,0.26375875,0.28532395,0.31246465,0.34233218,0.34679002,0.3474196,0.34949625,0.36750403,0.37616006,0.38171113,0.48440373,0.56330717,0.60106903,22
0.013558873,0.035059046,0.05117569,0.052606344,0.09600254,0.09934793,0.14362942,0.23367736,0.25819513,0.26636198,0.2673016,0.26897728,0.2734054,0.28396302,0.3204465,0.33741337,0.3442361,0.3659078,0.3730622,0.38189417,0.3862655,0.40855056,0.41608065,0.42527306,0.4539649,24
0.058955748,0.08188847,0.08643265,0.10743082,0.12458357,0.14572267,0.1476081,0.17082782,0.19106676,0.19905537,0.20151316,0.23218365,0.25468022,0.26000628,0.27641088,0.27962956,0.28929177,0.29728776,0.29798558,0.33259875,0.34083652,0.38259575,0.3887062,0.4187018,0.43477285,19
0.045499567,0.08042322,0.09106079,0.09337791,0.11769849,0.1357506,0.14604267,0.17851433,0.2056906,0.21414039,0.22075231,0.23037715,0.24292725,0.2565073,0.26472005,0.28610572,0.29871207,0.32087553,0.35973576,0.36954027,0.37536094,0.38142323,0.43382126,0.5069475,0.81030864,25
0.0884245,0.12227367,0.13132134,0.13188061,0.15489405,0.17920998,0.18160161,0.18882787,0.20798653,0.21608727,0.22649063,0.22993979,0.24581572,0.25019735,0.2690473,0.27014774,0.27863488,0.2953009,0.29961073,0.32073188,0.35214633,0.3676755,0.40218025,0.4416781,0.4416781,24
0.058387283,0.098428234,0.16342199,0.17458512,0.21240804,0.23508686,0.23929848,0.2512214,0.25124535,0.2611307,0.28450122,0.29792124,0.3043217,0.3097162,0.33045965,0.33143872,0.36009818,0.3677288,0.39604545,0.39678505,0.3987769,0.44917515,0.5566707,0.5894888,0.68294084,25
0.07715945,0.10984778,0.113373145,0.11666555,0.14173844,0.15338282,0.16674192,0.17471698,0.18559542,0.20489745,0.21841854,0.24720687,0.26932013,0.2693395,0.26949146,0.27010134,0.2789565,0.34602377,0.36457685,0.36457685,0.38078612,0.3982769,0.40591547,0.40786967,0.5765668,25
0.073583536,0.09867342,0.12142228,0.1220544,0.12806726,0.12958814,0.13894129,0.15778434,0.17471284,0.18975611,0.19058907,0.20876607,0.2296901,0.27426434,0.27764356,0.33029625,0.33586463,0.3415923,0.347557,0.35111618,0.35407808,0.35595462,0.37822816,0.43734723,0.43891507,13
0.051696938,0.06647535,0.07519296,0.078844905,0.07927107,0.10529175,0.11353085,0.11773675,0.14242691,0.14885661,0.16336174,0.169127,0.17973307,0.18471554,0.20887983,0.25491145,0.25855514,0.28339618,0.29632714,0.32274333,0.336285,0.3543723,0.37549326,0.39989716,0.4167237,22
0.084843256,0.08889607,0.10100327,0.16780113,0.17278503,0.1849555,0.22043093,0.22945759,0.23032345,0.23653725,0.24355187,0.30615616,0.3350366,0.33814517,0.34212625,0.3460298,0.38183603,0.3875036,0.38877842,0.42721322,0.46314996,0.4667631,0.48210883,0.4831297,0.68377227,20
0.029495621,0.054877117,0.06319039,0.089516655,0.10502932,0.12928842,0.12972964,0.16489786,0.1698979,0.17422026,0.2203833,0.22918738,0.25973403,0.29105753,0.32005578,0.33107033,0.33381185,0.3830117,0.3866548,0.39093682,0.40191153,0.40787244,0.4519771,0.4573954,1.0,25
0.06268124,0.07680225,0.08632023,0.08684526,0.092530765,0.13135892,0.13628002,0.13996565,0.1521584,0.15443702,0.1995067,0.19991508,0.24106865,0.24254937,0.2588816,0.2703611,0.30055913,0.32839414,0.33292574,0.35289562,0.35464993,0.38016787,0.42741102,0.437198,0.46133995,25
0.08287236,0.10306827,0.11612402,0.117439345,0.12416251,0.1703015,0.17208199,0.1750222,0.17712538,0.20693064,0.22462471,0.23711786,0.30260402,0.32301736,0.34264734,0.35876286,0.3599182,0.3611728,0.3744082,0.4151172,0.4210422,0.4320449,0.46184802,0.4681466,0.4826972,17
0.021674734,0.03189776,0.052128207,0.082529716,0.110845715,0.12118421,0.19163878,0.19286433,0.2076891,0.20950137,0.2387984,0.2526548,0.26262528,0.27338633,0.30951968,0.3197072,0.3263291,0.33288217,0.33798012,0.37856758,0.3834929,0.3834929,0.42906633,0.47301927,0.4795258,23
0.026315942,0.04987355,0.049970005,0.06469216,0.09287155,0.10134579,0.1445528,0.16716117,0.18290225,0.19141708,0.19838332,0.20841056,0.2166382,0.2200584,0.2586414,0.26283544,0.26612836,0.3044363,0.31486362,0.3461272,0.3655673,0.38173243,0.42565313,0.4375435,0.44079238,12
0.05114092,0.05342775,0.062509544,0.06616042,0.080398515,0.08358489,0.13601255,0.14597064,0.18095148,0.20165756,0.24045004,0.26259238,0.2703409,0.29984933,0.3040712,0.3225839,0.34851006,0.34891585,0.38785666,0.403237,0.45964763,0.49791342,0.49791342,0.51651216,0.51999605,24
0.037732422,0.052987225,0.096040525,0.099517465,0.16046982,0.16146117,0.16381404,0.16439666,0.1690766,0.17988127,0.1833618,0.18768553,0.19860713,0.20638396,0.21367086,0.2235468,0.22518538,0.23825663,0.24475501,0.24826182,0.3096545,0.30994862,0.3511012,0.358641,0.43147406,18
0.07717633,0.12670067,0.14110653,0.15777628,0.16693373,0.16859704,0.17140923,0.18636793,0.2351618,0.24370521,0.26473287,0.26873568,0.2709756,0.2807792,0.29657745,0.36335334,0.39409763,0.39917892,0.40487754,0.40699747,0.41380036,0.4253146,0.4256801,0.43769753,0.45607498,22
0.0024614148,0.030593487,0.031959116,0.113613784,0.115577,0.1440232,0.169989,0.18179506,0.20561373,0.2203153,0.2318345,0.24528188,0.24666701,0.256776,0.28106388,0.29224506,0.2970309,0.31453723,0.34590444,0.3652081,0.3652081,0.37611356,0.38284346,0.38581786,0.8806599,25
0.01618598,0.03942443,0.049256008,0.08178878,0.10488523,0.106482536,0.12548646,0.15157966,0.1688328,0.17728373,0.21609983,0.23323232,0.23651455,0.24624924,0.2541649,0.26115787,0.27615502,0.2939806,0.30474147,0.3191716,0.32879776,0.37087506,0.37092102,0.41565144,0.4213277,24
0.06530489,0.0854593,0.13625185,0.13800675,0.15222685,0.15647465,0.17696197,0.1980579,0.20158793,0.20341824,0.20351997,0.21710245,0.22054286,0.224854,0.24691297,0.25298122,0.27764186,0.29534337,0.29535952,0.30761087,0.32926315,0.34562,0.35930362,0.37026846,0.3889652,24
0.11016474,0.11812425,0.12356909,0.12901628,0.13138863,0.13513717,0.13784729,0.15268841,0.19663723,0.2001329,0.2118521,0.22052024,0.22487184,0.2452828,0.2462086,0.28322107,0.2998548,0.30973285,0.3188534,0.35819295,0.3726955,0.37351155,0.40446344,0.4393974,0.55593574,23
0.020027583,0.052214984,0.05352384,0.06299443,0.086771175,0.099875785,0.123058125,0.13781285,0.16197881,0.17238535,0.18009843,0.19650218,0.2507027,0.25991905,0.2973,0.30005094,0.3301519,0.33116534,0.33226162,0.34668046,0.3512208,0.37546343,0.39668027,0.41987348,0.5747689,23
0.044469725,0.08492539,0.10518184,0.11511329,0.117932886,0.13945979,0.14030357,0.14515316,0.14795506,0.16621709,0.19345358,0.24013904,0.25095642,0.28111446,0.28161165,0.29992324,0.30214775,0.32442373,0.3590134,0.36427152,0.4129209,0.44131538,0.4722182,0.59096736,0.5932119,25
0.034304887,0.05923914,0.09191668,0.095138244,0.101052865,0.14377189,0.15545124,0.17539464,0.18715616,0.19859889,0.20679691,0.20800564,0.25245458,0.2624528,0.2642599,0.28201932,0.28750187,0.29504943,0.32490784,0.3427774,0.35083765,0.35925788,0.3916985,0.42061925,0.4315368,20
0.047798358,0.05088299,0.05300018,0.06615044,0.090136565,0.13653643,0.13706063,0.1428904,0.1572646,0.15765288,0.16457506,0.2109552,0.2204349,0.24722841,0.2805166,0.28840873,0.29457265,0.3007368,0.3147703,0.33154294,0.33420518,0.38207692,0.38267514,0.38267514,0.44144824,16
0.0740362,0.08265082,0.09114933,0.09167441,0.09617435,0.1004017,0.103821754,0.106238715,0.12743148,0.15037036,0.1572407,0.15731488,0.21656272,0.25708064,0.26899529,0.27504033,0.28311035,0.29204127,0.30260268,0.34514248,0.348955,0.3595465,0.37540904,0.42959723,0.43985963,25
0.052185666,0.061582785,0.07481763,0.08131092,0.08375845,0.09326679,0.10629819,0.109330386,0.15025622,0.1615265,0.17830919,0.19663289,0.20630583,0.26151928,0.26466662,0.2741363,0.2757716,0.28027955,0.29277444,0.31599492,0.3332387,0.38099998,0.42187726,0.53889394,1.0,25
0.108593866,0.11560753,0.12359755,0.124321684,0.12941639,0.15657069,0.1589654,0.21224219,0.21423668,0.2193418,0.23185717,0.2390545,0.25106952,0.29890412,0.30628586,0.3744773,0.40029088,0.42538878,0.44042608,0.48830476,0.49079424,0.4967188,0.5377822,0.60018593,0.60018593,19
0.057157952,0.066035606,0.1039336,0.11857132,0.12153232,0.12997706,0.13048641,0.15908082,0.1670885,0.19410913,0.19892415,0.21394463,0.24206679,0.2590735,0.27373898,0.31132212,0.3129118,0.31684557,0.32316166,0.34065372,0.34416234,0.36057782,0.41030228,0.50055027,0.50055027,10
0.025309987,0.050798852,0.058888685,0.06658017,0.06809874,0.09099908,0.13795353,0.19244546,0.20532462,0.22608952,0.24107337,0.24354972,0.2456691,0.2510079,0.2580698,0.2738538,0.29495028,0.29748872,0.306601,0.3174276,0.3306001,0.38091516,0.39475158,0.4148502,0.4280825,19
0.027566606,0.06535821,0.06727996,0.08419387,0.09527294,0.117241815,0.124572985,0.13349299,0.14743833,0.16714258,0.1698857,0.19533566,0.23334226,0.24746779,0.26236692,0.26849967,0.29329148,0.3126578,0.34318233,0.3531804,0.39810863,0.400731,0.40173456,0.60463065,0.688943,25
0.05048127,0.16888875,0.20728064,0.21063648,0.21668033,0.21714328,0.22509512,0.23260298,0.23732235,0.24458902,0.24863823,0.26623046,0.2915323,0.32745954,0.33979475,0.34315464,0.34545726,0.37481356,0.3766253,0.39677453,0.40784478,0.44898313,0.4648651,0.49496666,0.51089257,24
0.06860726,0.11176729,0.12026213,0.13949062,0.14866053,0.1935999,0.19599262,0.20006725,0.20013323,0.22502038,0.23063496,0.23590028,0.26316264,0.30790213,0.32229218,0.3475507,0.36435726,0.3699165,0.3731633,0.39832258,0.40531957,0.41283503,0.45252842,0.45672226,0.5809203,16
0.0528622,0.06853483,0.071319506,0.07934396,0.08752186,0.09197399,0.10305496,0.15141198,0.17965557,0.18029696,0.226149,0.23269823,0.24489261,0.24559103,0.3022787,0.32128492,0.3346894,0.3358533,0.36354652,0.37633327,0.4083343,0.42870134,0.5142415,0.570607,0.6814771,25
0.07316197,0.07376009,0.08492078,0.10626712,0.1087332,0.113361605,0.119346626,0.12628552,0.12780654,0.1468822,0.1561473,0.15881923,0.20472193,0.20715962,0.2979192,0.31225652,0.33347508,0.33451778,0.3371739,0.33726206,0.34674624,0.36484843,0.3972858,0.45946893,0.54870033,22
0.01642544,0.025925133,0.03440039,0.03507656,0.051847517,0.07096995,0.07254528,0.08626572,0.10367559,0.11105824,0.13955721,0.17317182,0.20408194,0.23761971,0.2849962,0.2910576,0.29153943,0.33203334,0.34908718,0.37290776,0.4011223,0.4260996,0.46250528,0.46311283,0.59282273,19
0.03956675,0.067059904,0.08448891,0.09423733,0.09511286,0.11290818,0.115075715,0.12894675,0.13479131,0.14609341,0.19020225,0.26436928,0.27559608,0.27719364,0.2772236,0.30358312,0.30747074,0.35368884,0.3644382,0.38649213,0.39010152,0.3930907,0.4138474,0.4331177,0.4331177,24
0.046179496,0.049574412,0.080418766,0.11629487,0.12068251,0.12350308,0.12860692,0.1303513,0.13634714,0.14916156,0.16063698,0.20849933,0.22716308,0.26608118,0.28558472,0.28598726,0.28960872,0.30635944,0.32475972,0.35487166,0.3809226,0.3821737,0.39078093,0.3933096,0.43285388,21
0.027170474,0.030453505,0.12548071,0.12721063,0.14178203,0.14375094,0.15250866,0.16478573,0.17318006,0.17809367,0.21303247,0.21963379,0.23076738,0.2689292,0.3116125,0.34746122,0.3585193,0.36934024,0.39099833,0.39872837,0.40391046,0.4271962,0.43274343,0.4327692,0.56787694,25
0.034302767,0.061719295,0.09866485,0.10666385,0.1068123,0.11620084,0.1475452,0.15913405,0.16023244,0.18871655,0.20299853,0.21790743,0.23725833,0.23902076,0.26856098,0.27006355,0.28456286,0.295352,0.29574028,0.2963581,0.31731367,0.3535474,0.37878278,0.39991263,0.4262808,24
0.0177144,0.058174927,0.08326968,0.08805837,0.08862827,0.10527587,0.10839749,0.121437274,0.16351959,0.1785714,0.19826488,0.23036912,0.23164342,0.23181285,0.23520137,0.23575027,0.25163805,0.25501257,0.26387423,0.30902946,0.31239003,0.32347864,0.334996,0.37887436,0.43436953,25
0.019546384,0.07192018,0.08346287,0.15975572,0.17995737,0.20261778,0.21283498,0.23139288,0.23664881,0.24996963,0.2516852,0.25348872,0.25825953,0.26678073,0.27221704,0.28981283,0.29812354,0.30962217,0.3422362,0.3585676,0.3809556,0.38353238,0.39525247,0.43186742,0.70534027,25
0.02159974,0.0653576,0.07551769,0.08053783,0.09652268,0.102584675,0.110796325,0.1396915,0.1496727,0.20531268,0.24955761,0.2611864,0.27591625,0.29208022,0.32020038,0.32674336,0.3312551,0.35347787,0.35642973,0.39423153,0.41011667,0.42730302,0.43120915,0.48730177,0.5569683,25
0.06056271,0.06526548,0.089973725,0.09792505,0.12653938,0.1282919,0.1367697,0.14864282,0.18624523,0.2058512,0.20776115,0.21381848,0.23023881,0.27068505,0.2784826,0.2871527,0.29221082,0.29789397,0.29987627,0.30658507,0.323512,0.33818325,0.34876195,0.35011578,0.41164237,23
0.03671471,0.05775889,0.06458579,0.08043598,0.082869545,0.088161394,0.0973808,0.13155578,0.13274586,0.13810052,0.14369005,0.15094696,0.16244105,0.18030286,0.18079065,0.216264,0.25556228,0.2578413,0.30097222,0.30649295,0.33048233,0.3385193,0.3537613,0.38144493,0.5147617,10
0.078922324,0.09089043,0.09442151,0.12976442,0.13749667,0.14086755,0.14396527,0.17762522,0.1875137,0.21607904,0.25143492,0.2554478,0.2580685,0.2781226,0.2838655,0.30720103,0.32455572,0.33492956,0.34298635,0.38509753,0.4020354,0.4196471,0.4549949,0.46655682,0.47339228,13
0.028077485,0.03221321,0.038473744,0.07997678,0.099169776,0.13255404,0.16833365,0.16856568,0.17360455,0.20945743,0.21575995,0.24946858,0.2631806,0.28135538,0.3135594,0.3257709,0.34092507,0.34092507,0.3535453,0.35413352,0.35980156,0.3641037,0.41334474,0.43339077,0.48439738,25
0.052374173,0.07093999,0.08823613,0.09200883,0.10211056,0.104823634,0.12093397,0.14423609,0.15767534,0.19615363,0.20280655,0.23149385,0.23932214,0.26311368,0.2655857,0.2765186,0.27821314,0.2846212,0.3112179,0.33947724,0.3396414,0.34349573,0.36205932,0.40840816,0.41146368,2
0.059537526,0.08975264,0.109837644,0.115731634,0.12909473,0.19516422,0.2265938,0.26444146,0.27550507,0.28161556,0.30070812,0.3314351,0.33500063,0.33904722,0.36063737,0.3635408,0.36394644,0.39761278,0.39819735,0.4098321,0.4154038,0.41964412,0.43618262,0.50633156,0.5148606,11
0.014533926,0.036840662,0.054582793,0.06704926,0.08607635,0.087338336,0.09111281,0.10019756,0.1064802,0.13550892,0.15421917,0.16270731,0.18244259,0.21215329,0.21508172,0.26081395,0.28687328,0.34996644,0.35070655,0.38082853,0.38082853,0.4127926,0.41894934,0.4684109,1.0,22
0.059692953,0.10370162,0.14172007,0.14604595,0.15098768,0.15946038,0.17327458,0.17659995,0.24839404,0.2540446,0.26015186,0.31105155,0.32063568,0.32298982,0.3232509,0.3397554,0.3594154,0.36892182,0.39856955,0.4476664,0.46934628,0.4896536,0.49361107,0.53297776,0.6243529,20
0.101386435,0.12975925,0.14910142,0.15994103,0.1691492,0.19986509,0.24956597,0.24956597,0.2536461,0.26864997,0.28185302,0.3200578,0.32242268,0.33119354,0.3441433,0.34717277,0.34947744,0.3712904,0.38522658,0.3996076,0.40464407,0.42430803,0.42441,0.43397453,0.4443924,20
0.032167528,0.040379446,0.071093224,0.08214662,0.10259555,0.11387924,0.11461343,0.12145382,0.1404871,0.15299894,0.18114553,0.18561074,0.19154884,0.21252751,0.21930416,0.24709232,0.26519376,0.28900963,0.30969366,0.31893107,0.32731968,0.35190868,0.47348258,0.5685535,0.58502007,25
0.080819435,0.10203375,0.11391769,0.14103447,0.14169958,0.16292273,0.17219333,0.18677606,0.18845063,0.20030445,0.20915425,0.220326,0.2230758,0.25550294,0.2767284,0.2989939,0.3192236,0.3576288,0.35976112,0.38708732,0.4141549,0.4189453,0.43431902,0.5012983,0.57776463,24
0.051928908,0.058377583,0.06642433,0.08090582,0.08197796,0.0829401,0.09133905,0.15809661,0.18076748,0.19710864,0.19929238,0.23772778,0.24058118,0.2430221,0.24632183,0.2694331,0.28781444,0.29124945,0.31493384,0.31977832,0.36159074,0.41211578,0.43953833,0.45592016,0.50825936,17
0.051626462,0.08535052,0.09286057,0.14078672,0.14164072,0.16400498,0.17887193,0.1853085,0.21291752,0.21690819,0.24339774,0.27347985,0.27823612,0.29042986,0.29671174,0.30151257,0.3023246,0.33840257,0.39630982,0.41377917,0.4549725,0.45764074,0.5110302,0.51242226,0.5919448,23
0.015186305,0.03175461,0.07277107,0.08455325,0.09076751,0.10914097,0.13610315,0.14797072,0.15462755,0.17815211,0.1853274,0.1975496,0.20072566,0.20578234,0.2061199,0.2171955,0.22380231,0.25109938,0.25113466,0.27724242,0.29773575,0.31422594,0.3187076,0.31977907,0.39573374,20
0.052238636,0.053089783,0.06003997,0.09879361,0.100846164,0.11572765,0.1256148,0.1444598,0.19224857,0.20950845,0.2157066,0.22053969,0.22626801,0.26480973,0.29114226,0.29412293,0.29635018,0.30708292,0.31725904,0.31980252,0.3292528,0.33498967,0.35928923,0.3593314,0.35958803,24
0.02214375,0.043309033,0.04605284,0.09570977,0.09891651,0.10070182,0.12204346,0.12240247,0.12635769,0.13479337,0.14214064,0.1945854,0.20787077,0.21794418,0.26601228,0.27111244,0.30218175,0.3375883,0.3375883,0.3448836,0.36074874,0.36792412,0.4347257,0.45097554,0.5968263,25
0.07541249,0.090641364,0.1275926,0.13551563,0.13553934,0.17463881,0.18100119,0.1974419,0.20149301,0.20800261,0.22231218,0.23144159,0.2546461,0.26880565,0.28942615,0.29273462,0.30225268,0.30664328,0.3148109,0.33700675,0.3814312,0.4286881,0.4305239,0.45398974,0.5288236,24
0.06918944,0.093062714,0.093756646,0.09418488,0.10963598,0.11393388,0.12936367,0.15352534,0.16434398,0.1858771,0.18685973,0.20073652,0.22479391,0.2536118,0.2553836,0.2646171,0.2878456,0.33028334,0.33252925,0.33818638,0.34058678,0.35497934,0.36186895,0.3673287,0.60475034,25
0.079723276,0.11850114,0.13326839,0.16083932,0.16407157,0.18485108,0.19374864,0.2042839,0.2161239,0.22551914,0.25263995,0.25968656,0.2689118,0.27739376,0.29509962,0.30471027,0.31692085,0.31917962,0.342012,0.3648077,0.38980526,0.412929,0.4235892,0.5504706,0.6322148,24
0.008293973,0.09406841,0.12876105,0.14575385,0.16015814,0.17898366,0.18802257,0.20252861,0.22128716,0.22776677,0.24536715,0.24707218,0.25111017,0.26934716,0.2701248,0.27822745,0.28864512,0.33798158,0.35728756,0.35857478,0.39197734,0.39199713,0.42742947,0.47026062,0.54153544,22
0.06837578,0.0723009,0.15688358,0.16035584,0.1627851,0.1716579,0.17834412,0.18987173,0.24535546,0.2679529,0.30013782,0.30398965,0.31149396,0.31326666,0.32388726,0.33661124,0.3571441,0.36434633,0.37093934,0.37715447,0.39421847,0.4152009,0.4265502,0.42881367,0.4482393,24
0.09168535,0.1118634,0.12389714,0.1483632,0.15326717,0.18134089,0.1901756,0.19921218,0.22496861,0.265626,0.2729198,0.27913448,0.33272648,0.334107,0.3457714,0.36247104,0.38144776,0.3966366,0.41294104,0.41701666,0.42403725,0.43135896,0.55666953,0.5963284,0.8037192,25
0.0690241,0.09370915,0.10246005,0.13440879,0.14731622,0.1477017,0.16083305,0.16388597,0.16545616,0.17226195,0.17292862,0.18211855,0.18937576,0.19154428,0.19429855,0.21808513,0.22469571,0.22682756,0.23718543,0.25928354,0.2780769,0.3292712,0.33583418,0.34011334,0.3742844,22
0.049595606,0.08615857,0.13991778,0.14833997,0.14858152,0.15087752,0.2005471,0.20705509,0.21967189,0.23262544,0.23728171,0.24728177,0.28705928,0.28705928,0.29325765,0.31339273,0.3172737,0.3339362,0.34314862,0.37776172,0.38124627,0.40258586,0.4137679,0.41986302,0.43951526,16
0.029366491,0.047551293,0.08122703,0.1089339,0.112160794,0.13679038,0.17392647,0.20069273,0.20430958,0.22084443,0.22817118,0.24219587,0.24827754,0.25513986,0.28888172,0.30462453,0.3073064,0.32174698,0.35556257,0.3837563,0.38969007,0.40886784,0.41699547,0.49156037,0.61620337,20
0.031247498,0.052969154,0.052997235,0.06812703,0.075436115,0.09086213,0.1253315,0.16926417,0.19702633,0.21250634,0.22275127,0.23431356,0.24584894,0.27169356,0.31300583,0.32627547,0.32660028,0.33958328,0.3615458,0.39586326,0.39684165,0.40761945,0.44541228,0.4533954,0.55089533,24
0.03030709,0.040817723,0.0475977,0.05293481,0.08603781,0.112087235,0.12217688,0.12606047,0.13262427,0.13880406,0.19274639,0.23200995,0.23644051,0.2556794,0.2605464,0.27684295,0.28145206,0.28282103,0.2941828,0.31382534,0.3606424,0.42072994,0.45086548,0.46889082,0.5483817,25
0.039558694,0.09755292,0.09877896,0.10771334,0.11100063,0.12356545,0.12416993,0.1452491,0.14934191,0.15417303,0.1670174,0.17723086,0.18387213,0.19929484,0.2057711,0.20985341,0.25508448,0.29074273,0.33435827,0.36112374,0.36839908,0.38637188,0.39295825,0.53286034,1.0,25
0.039807722,0.047187798,0.100019425,0.104564324,0.12245035,0.1753447,0.21251108,0.21332565,0.2151673,0.22002538,0.22989497,0.23473865,0.23559828,0.2503527,0.26249456,0.27670425,0.30703038,0.33049124,0.33171457,0.35042077,0.35499993,0.36361974,0.37349206,0.3966678,0.47100225,20
0.025392087,0.05234374,0.058883816,0.06834379,0.07240337,0.121657774,0.13246086,0.13430269,0.16150506,0.19078538,0.19819432,0.22274499,0.23380451,0.23740813,0.27856764,0.28458324,0.32138106,0.32577258,0.35522333,0.35522333,0.3958568,0.39998204,0.40408075,0.42298204,0.6121663,25
0.05925209,0.112394944,0.11808192,0.12796333,0.16997738,0.17036201,0.18487108,0.18761054,0.23865454,0.25077492,0.26140556,0.3104582,0.3328357,0.3830133,0.38929096,0.39236817,0.4028011,0.4110404,0.41383475,0.42026696,0.42618698,0.4306386,0.43172723,0.4828728,0.52869284,10
0.015301767,0.022410614,0.040295534,0.042406213,0.05382698,0.05935052,0.118236154,0.14988063,0.15695414,0.19287267,0.20777817,0.20959254,0.2157122,0.23018074,0.23776601,0.25130624,0.25191152,0.29265255,0.29946464,0.31669447,0.3480299,0.36073306,0.41151324,0.4245102,0.43338197,22
0.037474006,0.108146265,0.111023486,0.13054238,0.13395661,0.13670419,0.14128107,0.15618774,0.1745859,0.1950377,0.23455982,0.23866588,0.24792156,0.2505091,0.25244844,0.2571191,0.29860094,0.31754994,0.31909916,0.353329,0.3545184,0.37820974,0.38359472,0.5247888,0.65033513,25
0.044009246,0.052877486,0.09407699,0.10014763,0.12913297,0.12926006,0.15349928,0.1721329,0.17758064,0.19935733,0.21178372,0.21487013,0.23361175,0.23984322,0.27868295,0.28200847,0.29229364,0.3031638,0.31602943,0.38708386,0.39922774,0.40057862,0.4067459,0.43618286,0.52301544,21
0.05817229,0.060133047,0.06579405,0.11658774,0.17365357,0.17792268,0.17853771,0.1913652,0.22316529,0.23182791,0.23432241,0.2357928,0.2549638,0.26207703,0.2663608,0.31980914,0.31980914,0.33070904,0.36690795,0.37237164,0.37438968,0.3925703,0.4317872,0.44772136,0.46230006,23
0.016321927,0.06428229,0.06446403,0.082711056,0.10934025,0.12309042,0.15414597,0.2008534,0.20256047,0.2297177,0.23445472,0.23729816,0.2476519,0.26466244,0.3240377,0.33888653,0.35107416,0.3699151,0.37766862,0.4182802,0.4494344,0.47544318,0.50302136,0.5655851,0.604022,24
0.012175605,0.045905866,0.055608567,0.05798049,0.08599902,0.09150277,0.11966415,0.12947801,0.155714,0.1799109,0.19114313,0.22648501,0.22912088,0.25033277,0.2525043,0.26447576,0.26460138,0.27750033,0.32400358,0.32693225,0.34065527,0.39331543,0.3992883,0.41360936,0.42935172,19
0.042486046,0.053693824,0.06442555,0.10947873,0.11253997,0.11287811,0.14509179,0.15247388,0.15248339,0.15398343,0.15604214,0.16973546,0.17423423,0.17632301,0.18690611,0.1997752,0.23120302,0.24050596,0.24752943,0.24998744,0.28608912,0.30291677,0.35038844,0.44537425,0.6439818,24
0.02029521,0.047102515,0.09599314,0.13030213,0.1417669,0.14865528,0.16101572,0.1822548,0.20712529,0.22893874,0.24666439,0.2533738,0.32191014,0.32584262,0.3419372,0.34422746,0.3558899,0.3811387,0.39032015,0.39630103,0.42632294,0.4286817,0.4551974,0.50143975,0.5716917,3
0.028717797,0.056508668,0.09782292,0.10003252,0.12976825,0.13639107,0.13691047,0.13697596,0.13738865,0.15060884,0.17578244,0.2091349,0.21096385,0.23924223,0.24115056,0.24534233,0.2535601,0.27293402,0.27397707,0.30159232,0.3393665,0.34724948,0.37053296,0.37716252,0.41794217,21
0.053954385,0.080890864,0.11431587,0.120130904,0.12718514,0.13856095,0.1893198,0.19012187,0.19053148,0.19752957,0.2340567,0.23797944,0.2427568,0.25265956,0.26399526,0.28274667,0.28639275,0.31152216,0.3204581,0.32361254,0.33807823,0.37621832,0.4006814,0.42406598,0.4444321,23
0.04754786,0.048168905,0.060157735,0.08690306,0.11344023,0.13906623,0.14759558,0.16973871,0.20247856,0.21273188,0.23576243,0.261518,0.26370835,0.2710823,0.2722797,0.27616727,0.3092561,0.31078044,0.3519109,0.36790457,0.38315764,0.39039502,0.40540528,0.4134724,0.47610962,16
0.04410756,0.04826187,0.13006903,0.1423451,0.14585112,0.14816399,0.15951176,0.17957233,0.21477734,0.22861849,0.25715172,0.26229087,0.30728668,0.31861785,0.3191548,0.34195298,0.35934418,0.3624486,0.3782955,0.3826529,0.3826529,0.38783917,0.40265566,0.411044,0.4915734,25
0.03478667,0.053426977,0.05837122,0.07469509,0.08448365,0.08854633,0.10473742,0.12788776,0.1294949,0.13016981,0.14448038,0.1894945,0.223289,0.2723397,0.27700675,0.2905144,0.31324357,0.3483049,0.37854773,0.39542034,0.39853182,0.40059772,0.40789133,0.42492232,0.4749546,22
0.067490265,0.111052535,0.12607108,0.14079732,0.14761388,0.165499,0.16827074,0.18992443,0.21525526,0.21823505,0.22932039,0.23361449,0.26669258,0.28011948,0.28087574,0.29128432,0.30007803,0.30445808,0.3157196,0.33410504,0.35703626,0.41252038,0.4403405,0.45924094,1.0,20
0.06771813,0.07317193,0.10395408,0.11455265,0.15414914,0.16485286,0.20551959,0.21989077,0.22281921,0.22508892,0.23016399,0.2419939,0.28070125,0.28310493,0.286666,0.29622775,0.3318701,0.34410614,0.35247758,0.35374713,0.37991232,0.3987459,0.44072613,0.45055285,0.48262304,25
0.06718824,0.09096662,0.115740314,0.11852263,0.118570365,0.12061517,0.12579978,0.12925333,0.16108683,0.16134991,0.18551692,0.21289243,0.21572621,0.22209597,0.25265202,0.2584976,0.27569407,0.29449958,0.30950215,0.315321,0.3272709,0.36084023,0.3909061,0.47238,0.5174686,14
0.07206804,0.07667126,0.11450802,0.12100471,0.12724714,0.13285631,0.14111829,0.15938984,0.18855184,0.1996362,0.20940487,0.27000472,0.27871767,0.28181183,0.34491873,0.3471431,0.3525169,0.37262565,0.3807225,0.3839209,0.42306912,0.44552383,0.5080649,0.5302595,0.71803623,25
0.086551316,0.0872785,0.10436839,0.10919643,0.12497868,0.13274273,0.1519677,0.16411038,0.16422209,0.1648059,0.16613156,0.17130731,0.18573308,0.20401637,0.20405693,0.23180762,0.26352036,0.27458075,0.2782161,0.3213936,0.32190138,0.37594712,0.3769517,0.38576853,0.41360098,24
0.061775412,0.064032726,0.08676053,0.087069936,0.10449985,0.16365892,0.16414538,0.17153129,0.18149808,0.19735238,0.199173,0.20617111,0.22157095,0.25380307,0.28155062,0.30326775,0.308569,0.3298862,0.34501198,0.3880663,0.4348679,0.43616998,0.45576033,0.5008968,0.5008968,24
0.042070094,0.0766556,0.08812931,0.101494916,0.10292734,0.11318727,0.11893872,0.13736852,0.16790947,0.18201135,0.18560484,0.18923472,0.2252134,0.24060193,0.27603143,0.2785462,0.28162026,0.3011825,0.3091452,0.3123341,0.35516346,0.39617148,0.39975893,0.41233698,0.4383869,17
0.055119466,0.07500474,0.08974824,0.106394194,0.12591673,0.13666883,0.15040812,0.18154025,0.19365607,0.19727968,0.20298432,0.20575465,0.22462311,0.2372912,0.32716465,0.3508839,0.39295256,0.39900634,0.4017201,0.40998575,0.46608156,0.50893617,0.5166032,0.5702015,0.5922003,18
0.04683167,0.057628337,0.09623685,0.098995134,0.11772049,0.122157216,0.1293695,0.1380074,0.15867534,0.16083945,0.16414593,0.1709633,0.17918944,0.19814679,0.22525775,0.23760808,0.25397706,0.3144868,0.33528543,0.36520082,0.37682495,0.4083015,0.42396492,0.51485026,0.5440995,24
0.05240421,0.07259418,0.09776346,0.100374304,0.10781399,0.11706432,0.117928274,0.1203735,0.15551794,0.17517455,0.19459501,0.22411005,0.23930691,0.2445061,0.25051072,0.2598546,0.26695693,0.28852332,0.29403538,0.3386461,0.35816726,0.36362755,0.3981378,0.40059686,0.44981036,24
0.011214606,0.057183284,0.083773136,0.08585362,0.08941608,0.097777486,0.109897725,0.16225407,0.16525114,0.17578916,0.17872903,0.18829268,0.19294965,0.21874298,0.24648306,0.28961325,0.3009596,0.30183527,0.30480817,0.31035918,0.33284822,0.33377928,0.35551807,0.38774526,0.48472354,25
0.04757012,0.07094482,0.07913355,0.124529056,0.124662615,0.1491941,0.1766167,0.18274246,0.19115028,0.19782573,0.21165043,0.2130016,0.29304752,0.31801262,0.32745898,0.3380393,0.36953437,0.3707652,0.37926096,0.39914557,0.42095438,0.46380526,0.4661737,0.54452085,0.6196128,20
0.029229293,0.056539375,0.07133693,0.072410755,0.079370365,0.09764751,0.10277745,0.11451935,0.12467417,0.12683466,0.12970278,0.19396958,0.19575953,0.2285259,0.23698646,0.24069937,0.31143954,0.3283288,0.33814222,0.3387273,0.35715774,0.3930944,0.40602878,0.47821724,0.48274535,17
0.023977403,0.02846606,0.03350118,0.043019127,0.05271988,0.08494779,0.108221985,0.11912421,0.13573155,0.2094811,0.21159463,0.21159463,0.21500534,0.23658843,0.24514876,0.266967,0.2732087,0.27782607,0.2875918,0.30401245,0.36849162,0.37738883,0.38156167,0.39832655,0.48385465,24
0.119244106,0.12027305,0.12628718,0.14110136,0.14861362,0.15224636,0.17137976,0.18744119,0.207727,0.2652304,0.27113315,0.3009255,0.32866895,0.33029082,0.34363237,0.35892054,0.36047402,0.3639953,0.36646214,0.37634668,0.37886795,0.3809439,0.39754194,0.4607159,0.5421805,23
0.07147329,0.0745061,0.09123326,0.09607182,0.097724274,0.10200246,0.14032805,0.14460693,0.14952229,0.16544224,0.2536407,0.26949123,0.30586392,0.349428,0.36084923,0.36809045,0.38125435,0.38638207,0.40812668,0.4113942,0.42201987,0.42517164,0.42979088,0.53344303,0.5388288,11
0.05007468,0.09690425,0.100855306,0.10255458,0.11940858,0.12950365,0.12987943,0.13568163,0.13794412,0.15358731,0.15710814,0.17367591,0.21847361,0.25204188,0.25881946,0.27519533,0.27591676,0.28092507,0.2856445,0.31002057,0.49531883,0.49531883,0.5151947,0.51593983,0.596585,22
0.052329965,0.072215885,0.09960904,0.13153552,0.15412392,0.20664118,0.20883378,0.21508244,0.22206779,0.23016463,0.26587072,0.2669525,0.27966475,0.28522047,0.31061023,0.33144134,0.33155915,0.333177,0.35589564,0.36227193,0.3749973,0.3906429,0.4106373,0.4244874,0.81130093,25
0.03481721,0.07579093,0.09476806,0.09905474,0.17078403,0.17133,0.17152609,0.18700804,0.18932046,0.1960792,0.20307279,0.22571601,0.23287341,0.24812973,0.2711017,0.28954613,0.32348117,0.3483726,0.35613376,0.35625592,0.41209745,0.41217774,0.41859615,0.54309005,0.5709542,25
0.048297465,0.059765488,0.09068866,0.10922867,0.13233212,0.13351762,0.13571589,0.13953872,0.14937706,0.15250966,0.1555713,0.16530944,0.21091639,0.22673157,0.2369466,0.255133,0.26509702,0.27395254,0.30360726,0.3229345,0.33926466,0.3950048,0.41344765,0.43286934,0.48224166,21
0.04974513,0.06506981,0.07620831,0.115926966,0.11635322,0.12012973,0.12593237,0.16382284,0.17341655,0.19222093,0.20921895,0.22477292,0.2466857,0.25679725,0.2621542,0.32589218,0.3454698,0.35854042,0.41329005,0.42893273,0.4378791,0.44395635,0.4503995,0.46392614,0.6325583,17
0.09550643,0.09765232,0.12726314,0.13892524,0.14216658,0.15916038,0.15943128,0.16960299,0.16962993,0.17105801,0.19473378,0.19845994,0.21934132,0.22587042,0.26493493,0.27682257,0.27850243,0.28056505,0.28127906,0.2920117,0.31058627,0.31653443,0.31653443,0.32799244,0.35728094,16
0.035038527,0.05213285,0.08304046,0.113928184,0.118868455,0.11983978,0.1391715,0.14261551,0.1452057,0.16264689,0.2098556,0.23724683,0.2968155,0.35281464,0.35283116,0.37492234,0.37593237,0.3780366,0.39544567,0.4206073,0.44664752,0.47613353,0.4913631,0.53355145,1.0,24
0.049213536,0.09249235,0.09512579,0.12120676,0.13840011,0.15336862,0.18227914,0.20265236,0.21261252,0.22740503,0.25480777,0.28256288,0.28338823,0.2865359,0.28811604,0.29461336,0.30467188,0.33732873,0.34107706,0.35452488,0.35884377,0.36627415,0.3714742,0.48093155,0.49195483,8
0.0645785,0.07772185,0.09416678,0.11971694,0.12742732,0.13727865,0.1473347,0.15308626,0.16143647,0.16318566,0.17035432,0.1798905,0.19206516,0.1926977,0.26759928,0.2881607,0.31625894,0.3217463,0.338193,0.34064212,0.36776185,0.4703894,0.48638678,0.4941532,1.0,14
0.08873038,0.110995665,0.11422807,0.11821693,0.14294878,0.16619602,0.18264796,0.19243823,0.20862827,0.20932665,0.23196743,0.2652828,0.28360125,0.28600004,0.3001831,0.30578777,0.30639625,0.34172928,0.36360568,0.3889481,0.4046413,0.40761238,0.4695608,0.47478122,0.47988024,2
0.034245465,0.052044112,0.07181801,0.0763293,0.080201514,0.081565484,0.09098168,0.091522,0.1453945,0.16305241,0.17333783,0.17471215,0.22957717,0.23399343,0.23932655,0.27788532,0.2879794,0.2901412,0.296051,0.32151452,0.38052592,0.40536705,0.40665263,0.4165294,0.42504737,22
0.090231955,0.11284827,0.12755604,0.12788765,0.15195726,0.16621993,0.16788685,0.17820126,0.19130588,0.19188645,0.19477159,0.19647516,0.21770814,0.2437911,0.25001565,0.2558062,0.2846418,0.28579813,0.31330365,0.32065195,0.3272228,0.34306738,0.37216443,0.45579585,0.5222331,20
0.061427232,0.062911056,0.076737404,0.078099355,0.11166614,0.12578659,0.13034827,0.13430351,0.15489851,0.16731972,0.23675697,0.27735317,0.30675918,0.31524017,0.33222365,0.33667088,0.34842974,0.35215357,0.3559027,0.36084148,0.36460963,0.36489362,0.36489362,0.39332053,0.44256595,19
0.06828589,0.08532277,0.09580549,0.13442966,0.15687105,0.17122449,0.17982337,0.18306597,0.20679343,0.22039965,0.2747089,0.28288794,0.29764095,0.31998435,0.32934326,0.33614272,0.34052178,0.34052178,0.35446677,0.38014147,0.39625213,0.4047685,0.4091205,0.42637166,0.47047976,13
0.030220192,0.041828748,0.084421754,0.08848175,0.08883183,0.10852776,0.11394514,0.12515129,0.1262418,0.14011097,0.14667402,0.1613101,0.1658185,0.18095645,0.18315369,0.20947751,0.24394585,0.24981831,0.25085366,0.33885914,0.34333074,0.3862182,0.45234263,0.5870865,0.6579243,23
0.027944941,0.05831736,0.061912015,0.07455782,0.13434452,0.1656725,0.19082423,0.19906646,0.20656374,0.2186274,0.22626998,0.23106179,0.23981313,0.27929243,0.2825984,0.2838876,0.29164448,0.29786965,0.30202723,0.31202933,0.3141119,0.33784953,0.3841455,0.43715334,0.6239522,25
0.09309636,0.10164138,0.13337393,0.1917202,0.19691196,0.19708233,0.19854409,0.20984222,0.22800979,0.23002765,0.244639,0.263061,0.2738444,0.27921364,0.30941418,0.3368268,0.35358578,0.380924,0.38497293,0.40293422,0.42103717,0.42360923,0.43795374,0.4638007,0.77065784,24
0.04440324,0.07116026,0.1154742,0.13495846,0.13935871,0.14229639,0.1647511,0.17085166,0.17623617,0.19740903,0.19868377,0.2041399,0.20679882,0.20999072,0.21075541,0.22359627,0.27246374,0.3258244,0.33677334,0.3488728,0.36171505,0.3685407,0.38478863,0.39850163,0.42434174,17
0.039148357,0.03998138,0.054027148,0.08252678,0.08819583,0.1348686,0.13558947,0.14381483,0.15148559,0.16943772,0.17170587,0.2702136,0.29565537,0.29796627,0.32851782,0.33047557,0.34059522,0.36885464,0.37983093,0.37983093,0.39428478,0.40698907,0.42389223,0.44691816,0.49709478,19
0.06418856,0.08050427,0.083657905,0.09864508,0.10219611,0.112056,0.11520876,0.14877136,0.15366706,0.16146255,0.16962226,0.17663908,0.1809779,0.22757669,0.24228851,0.27657348,0.30399776,0.31946126,0.32263008,0.32882687,0.35145777,0.35983658,0.39689133,0.41090882,0.50352967,22
0.028043458,0.08025788,0.10878439,0.13391285,0.14018753,0.16009581,0.16935557,0.18333161,0.18498336,0.25332874,0.254741,0.2722322,0.28526267,0.29676268,0.30074695,0.37302488,0.37656334,0.3820843,0.38965482,0.3950621,0.43079662,0.44410068,0.49727714,0.5775615,0.59214085,25
0.061260834,0.076643884,0.10326883,0.110725485,0.118417025,0.13920379,0.22803102,0.24088222,0.27578324,0.28869462,0.2914687,0.2921884,0.30426192,0.31306925,0.32295436,0.37706268,0.38555217,0.38721406,0.38919854,0.4017058,0.40361735,0.40410468,0.41538504,0.41560173,0.53983927,22
0.04311546,0.060077146,0.064055115,0.06923712,0.08220919,0.08749894,0.10136514,0.117164835,0.13073117,0.16405056,0.17812175,0.18480846,0.20092484,0.21716937,0.23364606,0.23548059,0.29067138,0.31290713,0.3292061,0.33345258,0.3484535,0.3929272,0.40729424,0.41072252,0.4425254,21
0.042254973,0.04992573,0.074736826,0.10170379,0.10854566,0.10929647,0.11209216,0.12240008,0.13651974,0.15701361,0.21698652,0.21894996,0.23845743,0.24411923,0.25234845,0.28618768,0.29289275,0.3117757,0.32465932,0.338407,0.34027132,0.3451497,0.35012057,0.40940765,0.48657033,18
0.03688994,0.054399684,0.062668085,0.067679316,0.095063984,0.10275219,0.10277735,0.1203875,0.120686896,0.12472918,0.12917736,0.12993823,0.13217635,0.13720278,0.14378236,0.15347168,0.16362043,0.16606708,0.17092901,0.18342404,0.19986176,0.20317169,0.22363533,0.2398934,0.28520313,25
0.059977155,0.06158702,0.08719442,0.10990167,0.12106801,0.12733899,0.12879406,0.13286595,0.141482,0.15546878,0.15765794,0.15950803,0.16732629,0.1687916,0.17569588,0.176617,0.19055437,0.19280486,0.19364667,0.19502845,0.22199434,0.2237305,0.22824351,0.2654492,0.27148432,1
0.014473621,0.08108665,0.09366694,0.095104784,0.09716957,0.12610276,0.13700226,0.13786408,0.13915043,0.14272052,0.15127163,0.15956828,0.17747173,0.18809608,0.19075023,0.19126098,0.19696246,0.20660901,0.22191527,0.23240253,0.24420173,0.27115643,0.27201498,0.27267733,0.2738883,5
0.058912702,0.06699819,0.06748692,0.06874365,0.06890363,0.087827325,0.09199569,0.09305158,0.09482505,0.098885916,0.120383084,0.12950069,0.13050765,0.14104143,0.14390588,0.15497161,0.15900555,0.16440924,0.17163534,0.18442962,0.23072964,0.23453899,0.24253425,0.30968976,0.44475207,24
0.06597447,0.08995362,0.10741492,0.11161214,0.11202555,0.11634167,0.11980646,0.13174422,0.13458356,0.14738144,0.155122,0.15682368,0.16330913,0.16691023,0.17704746,0.17711557,0.1970732,0.20166507,0.20437633,0.2161292,0.21870825,0.22686115,0.24049008,0.25170642,0.26377276,24
0.07745969,0.07829167,0.082787335,0.10731059,0.114029795,0.11482689,0.1151302,0.11770541,0.12873115,0.13488182,0.13565722,0.1570669,0.16971345,0.18091974,0.19178961,0.1923757,0.21087545,0.2132983,0.21936706,0.24404801,0.25369543,0.27157998,0.28377312,0.28575084,0.3250972,22
0.022919666,0.043950945,0.048355356,0.04936861,0.07151931,0.08366675,0.09607262,0.10351252,0.10703677,0.11244678,0.120450765,0.12821706,0.13492358,0.1469598,0.154536,0.15915859,0.16372767,0.16566367,0.16657336,0.20103179,0.213869,0.21450725,0.29075387,0.33773643,0.40402547,25
0.027676472,0.029346934,0.031047959,0.05516399,0.07813384,0.07968532,0.08254342,0.10260543,0.10328735,0.103810266,0.11736695,0.12529255,0.12696408,0.1272522,0.1461154,0.16246592,0.18015414,0.19393146,0.19854921,0.19902737,0.2201514,0.2326762,0.2903736,0.32056695,0.53748554,25
0.01811996,0.026483137,0.06350659,0.06699768,0.07286894,0.0730976,0.07686715,0.08303252,0.107352175,0.10768898,0.11610094,0.12024155,0.12484084,0.14929028,0.15636447,0.16051391,0.16876861,0.18307683,0.18347685,0.1975099,0.20941885,0.27008808,0.27248594,0.28486896,0.5067363,25
0.0805148,0.08788437,0.08807869,0.09444583,0.095722035,0.107417434,0.12371604,0.1244803,0.13770771,0.14789928,0.15479885,0.15505525,0.16971289,0.17066322,0.17181109,0.17295754,0.17380953,0.18181181,0.19514358,0.20561723,0.2222038,0.23992306,0.26174474,0.2859705,0.34619248,17
0.042083733,0.042307284,0.072282284,0.07558249,0.08051393,0.08449656,0.08663428,0.087344855,0.08748468,0.09097009,0.10462732,0.11194789,0.11914658,0.13024215,0.14642155,0.14784211,0.16272782,0.1781855,0.19052453,0.22298339,0.22336043,0.23519967,0.23996796,0.3105902,0.5460768,25
0.04262992,0.06181992,0.063847154,0.066676095,0.07595544,0.077997126,0.08391688,0.08888675,0.09337984,0.09934205,0.109489456,0.13045616,0.13809572,0.16513568,0.16674547,0.17374612,0.17414387,0.18084502,0.18881984,0.18892501,0.19633546,0.20791869,0.21801955,0.25748202,0.2934617,25
0.036019497,0.05875386,0.06075013,0.062332835,0.07420606,0.07928292,0.08352499,0.088592485,0.09382302,0.10774124,0.10985058,0.1269633,0.13474387,0.14751346,0.14991088,0.15758696,0.15797988,0.17259137,0.17414013,0.20703512,0.20844662,0.22049749,0.30587488,0.3161233,0.3254141,23
0.04605147,0.05924206,0.068092145,0.09337064,0.09795673,0.10226422,0.10434799,0.10581149,0.12088717,0.12158464,0.13998759,0.14122748,0.14484198,0.16691339,0.16865017,0.1720981,0.18314157,0.1859118,0.19182535,0.19496931,0.19731699,0.25931552,0.27710626,0.2808472,0.3199424,19
0.018548049,0.030313067,0.05924279,0.06913225,0.11514259,0.11909478,0.124949224,0.13173428,0.14193632,0.14475767,0.15309055,0.15416777,0.15459372,0.15469915,0.16324843,0.17091377,0.17919123,0.19496715,0.19608401,0.20705198,0.20866454,0.2263577,0.23811425,0.24324699,0.24398127,25
0.024508364,0.049023747,0.057740092,0.05953474,0.06739143,0.07635361,0.08088128,0.11114231,0.12212472,0.13490298,0.13523379,0.13597578,0.13676856,0.14965555,0.15323861,0.17243996,0.17746903,0.18555366,0.19146161,0.2262926,0.2351679,0.2557959,0.28413385,0.29898176,0.32093492,21
0.019978944,0.035777904,0.060653646,0.06953066,0.08227217,0.08397965,0.08643473,0.10672674,0.107386604,0.11608141,0.11714691,0.12552263,0.1327206,0.13289532,0.13707197,0.14192612,0.1598612,0.16779257,0.16987033,0.17370562,0.1788292,0.18679689,0.2162581,0.23545942,0.27173653,25
0.05988327,0.085056044,0.096419856,0.09793313,0.10589999,0.106191814,0.1166291,0.12287488,0.13006853,0.1341258,0.13564566,0.13704613,0.13940762,0.14170454,0.14501223,0.15404166,0.15685089,0.18050422,0.21248792,0.21303606,0.2143699,0.21703576,0.23356408,0.26988372,0.30013645,24
0.017214516,0.01783961,0.022920553,0.043069907,0.04530294,0.050103765,0.06897583,0.06911402,0.0768903,0.09454938,0.11437368,0.11450076,0.121389106,0.13513337,0.14250332,0.14835699,0.1597048,0.1732958,0.18061373,0.18457496,0.20764719,0.23506497,0.26443633,0.28220597,0.3697012,19
0.028783966,0.040594086,0.046227068,0.06036859,0.06895486,0.0754993,0.08223053,0.08673028,0.116764806,0.12117111,0.12118262,0.14389883,0.14490028,0.14849891,0.15891008,0.16443191,0.16909873,0.16967195,0.17111742,0.1780823,0.1914043,0.19567086,0.21537119,0.22975476,0.26419154,21
0.017941812,0.041244354,0.048225973,0.073388495,0.07740775,0.09410768,0.09418193,0.09889613,0.10181507,0.10668902,0.10749827,0.11057667,0.11709654,0.11797962,0.1331118,0.13755678,0.14495347,0.15989904,0.17635755,0.18190175,0.18923113,0.20150822,0.20811044,0.24047829,0.25609303,21
0.013124552,0.04092133,0.051165916,0.07274262,0.07704541,0.09345933,0.09433333,0.09846224,0.09957236,0.10303838,0.1054686,0.10594051,0.11004692,0.11457526,0.12854463,0.13380863,0.15429069,0.16468352,0.18320425,0.2146249,0.21592319,0.22965984,0.2509745,0.26079625,0.3168315,8
0.08020192,0.085947275,0.08757816,0.10622027,0.12469844,0.13165574,0.13431953,0.14054924,0.15197657,0.15846896,0.16112654,0.16484158,0.16519104,0.16543685,0.17331137,0.1752481,0.18228352,0.18859592,0.18975006,0.19296838,0.20179363,0.21960554,0.2380229,0.23839965,0.25453624,15
0.05263753,0.056192588,0.07099112,0.09766538,0.09892917,0.101492375,0.11637542,0.12616086,0.1265843,0.1315826,0.14395481,0.14609769,0.14676604,0.15869465,0.16923991,0.1727271,0.1825493,0.18356672,0.1858941,0.18947786,0.2017091,0.24152976,0.2847634,0.30284145,0.3045276,23
0.030065572,0.043440938,0.04480822,0.053582747,0.054516885,0.06783816,0.085150495,0.09021121,0.09196801,0.0933291,0.09352001,0.095233634,0.1008947,0.10872201,0.11915479,0.13824525,0.13825817,0.17174509,0.17649852,0.17991447,0.18463863,0.1881382,0.19434887,0.23871905,0.32594225,25
0.04661334,0.05332759,0.060087647,0.07908649,0.08137781,0.097519495,0.098184705,0.1215311,0.12766308,0.1353482,0.13934128,0.15155017,0.15866144,0.16045393,0.16100119,0.16562244,0.17360874,0.17851478,0.21998188,0.22175184,0.22705705,0.23956747,0.35347995,0.37864807,0.39560696,19
0.02633508,0.026608678,0.043727864,0.053017855,0.06706616,0.08170881,0.09134115,0.1005441,0.11587801,0.12051358,0.12795933,0.13206415,0.1333734,0.13829349,0.14227629,0.14947769,0.1518419,0.1628598,0.16304104,0.1712429,0.18853123,0.20084213,0.21789551,0.2837238,0.35553166,25
0.01667726,0.047589384,0.056176238,0.057637464,0.06210021,0.06261335,0.072064005,0.081370965,0.08336374,0.087499246,0.09075067,0.09500754,0.09543822,0.11986302,0.122263595,0.15499929,0.15796714,0.16060413,0.17097239,0.17593712,0.18863505,0.19375455,0.22955644,0.23008701,0.23630324,18
0.0796422,0.07981827,0.0833635,0.08491429,0.08677824,0.08698539,0.100551344,0.10291185,0.118022,0.12440138,0.12726602,0.14257486,0.1772046,0.18280661,0.20839898,0.21072234,0.22308548,0.22801705,0.24882163,0.26456225,0.26727667,0.279859,0.2895396,0.29563916,0.30250403,24
0.020667426,0.05387922,0.056965105,0.062490042,0.063771985,0.09500877,0.10226564,0.10498266,0.10499293,0.10856145,0.12551662,0.12570396,0.13309196,0.14105992,0.1960566,0.20254755,0.21961342,0.2211356,0.22425303,0.22888629,0.27355307,0.28339836,0.2883162,0.35310164,0.4134411,4
0.07561686,0.08515412,0.095450774,0.09755875,0.11100569,0.11212479,0.119519785,0.12681001,0.13456355,0.14636643,0.15824078,0.17573705,0.17942798,0.18027863,0.19832645,0.20337157,0.22268277,0.24752474,0.2501825,0.25703198,0.2670029,0.29133004,0.32030365,0.36922202,0.40110916,19
0.051600598,0.08668807,0.1027336,0.13993876,0.14928561,0.15996842,0.17436439,0.18645436,0.18863979,0.19071853,0.19480573,0.20217071,0.20296985,0.20391962,0.21543868,0.22343999,0.2439966,0.25779566,0.2579368,0.2798008,0.2937828,0.3045666,0.3365018,0.342253,0.37825534,18
0.03347246,0.070038795,0.090898186,0.11844745,0.12932862,0.1308393,0.1533005,0.17665344,0.20196715,0.22296461,0.23280013,0.24234675,0.24353212,0.24668796,0.2498901,0.25454372,0.25882986,0.2597429,0.29507715,0.29889834,0.31582773,0.31717342,0.3205416,0.37285998,0.5935807,25
0.0041549583,0.011765632,0.03410798,0.06315624,0.078259334,0.098494686,0.10075048,0.11931496,0.13862476,0.15353003,0.18462259,0.19770108,0.20133345,0.22489321,0.25730398,0.26035535,0.2662416,0.27068633,0.27150843,0.2852818,0.2974754,0.31064883,0.32840684,0.38518584,0.39880794,23
0.048059374,0.065148845,0.08223174,0.09477415,0.103775635,0.11489038,0.121346615,0.13242665,0.15474023,0.17489809,0.19066182,0.20192991,0.21166442,0.22532414,0.2395932,0.24666192,0.26231584,0.27321994,0.27755764,0.28419995,0.28500313,0.29574496,0.30337793,0.3058909,0.35624823,2
0.04256815,0.06811146,0.09478102,0.10424892,0.1350535,0.14201641,0.14252938,0.146963,0.16359653,0.17640121,0.18143125,0.18261664,0.18827888,0.19668546,0.20154844,0.21396323,0.21804363,0.21812245,0.2352769,0.25604674,0.26359338,0.26562548,0.28715482,0.3071807,0.34117386,24
0.059219263,0.063268475,0.07494735,0.08927123,0.09844789,0.10297492,0.1330667,0.13367131,0.15513319,0.16928111,0.17026919,0.17141151,0.19132991,0.21424083,0.24002725,0.25781438,0.26089633,0.2682908,0.30136514,0.3106725,0.315104,0.3461719,0.35619974,0.35801306,0.50514907,23
0.02586019,0.026900114,0.043110073,0.07511785,0.10751884,0.11148239,0.12593523,0.15597154,0.15687577,0.18091981,0.18854515,0.18877922,0.19360745,0.19445506,0.20915292,0.22495525,0.2255749,0.24221891,0.25180453,0.2938213,0.2964152,0.29652345,0.29784957,0.3920847,0.46765983,24
0.03728491,0.06357415,0.06700652,0.07986035,0.08529015,0.09757589,0.13212162,0.14338075,0.15573846,0.16325879,0.19205743,0.19674614,0.22226699,0.22367959,0.24038337,0.25002512,0.28042904,0.28167486,0.28462264,0.29655588,0.30168474,0.3507879,0.3712444,0.42213535,0.42454225,22
0.036810853,0.08576737,0.09180064,0.09950316,0.13099116,0.17973348,0.1869657,0.18730904,0.19648471,0.20828138,0.22231613,0.23093094,0.24543305,0.25028336,0.25467223,0.26726404,0.26839375,0.30389446,0.31119233,0.3151931,0.3188237,0.31991038,0.32007256,0.3308431,0.39409703,8
0.03831585,0.0522604,0.067700446,0.08158526,0.09373519,0.1008788,0.1033971,0.12171751,0.12335608,0.12569107,0.13252795,0.1341977,0.15397605,0.16458917,0.1648763,0.16785255,0.17311792,0.17544568,0.19004965,0.2036391,0.2535984,0.26888618,0.31316376,0.335295,0.3459705,23
0.0860811,0.089795746,0.09973429,0.10530585,0.10933869,0.13971691,0.14691815,0.18100981,0.18362232,0.18379393,0.18611272,0.20555493,0.20804614,0.21761169,0.22900409,0.22901677,0.23303595,0.23522833,0.23968199,0.26541156,0.27214664,0.29562676,0.30033043,0.30741125,0.32949895,21
0.071823545,0.07973665,0.08144651,0.088340014,0.09919711,0.10531364,0.11986897,0.14275919,0.15720612,0.18058813,0.18365608,0.20418832,0.20482963,0.21018952,0.22355819,0.24992418,0.2684898,0.27662456,0.3176389,0.32306376,0.33343998,0.3367928,0.38178235,0.42062575,0.42158487,25
0.066771664,0.078075185,0.087941624,0.12507413,0.13231316,0.13533273,0.15074912,0.15987012,0.16945483,0.17452516,0.17954452,0.18251559,0.19474162,0.19975716,0.2129618,0.21589713,0.24519613,0.25650474,0.27345973,0.28142843,0.28316736,0.2865979,0.29554477,0.31421658,0.36263296,17
0.041523203,0.043467775,0.05815916,0.061730135,0.06308081,0.074701644,0.09397414,0.11358754,0.1160169,0.11664239,0.1226579,0.15688454,0.15909298,0.18876253,0.22230701,0.22713047,0.24862762,0.28000364,0.2910688,0.3028526,0.31321168,0.32154983,0.3290384,0.3311866,0.34923515,25
0.07521344,0.08127957,0.09032204,0.09070807,0.091938645,0.10468447,0.10853001,0.12551431,0.18266492,0.20748125,0.22737558,0.23932466,0.26227194,0.27999124,0.28443116,0.28690362,0.31222507,0.3143253,0.31596023,0.33822712,0.37776643,0.37936786,0.3974962,0.40492514,0.5831154,8
